3.8300, -0.1967, -2.9666, -1.3293, -0.4203,  0.2243,  0.9234,  2.7766,0.0983, -1.8496, -0.8917,  0.0753,  1.1652,  0.5212, -0.3004,  1.7372,-0.4359, -1.7336, -0.7745, -0.4364, -1.5977,  0.0788, -0.6486, -1.4961,0.8732, -0.1763,  0.4432, -4.1837, -2.0483, -0.6965, -0.5356,  0.5224,0.4714, -1.4596,  0.2720,  0.6526, -0.8045, 11.1848, -0.0674, -5.8683,0.5708,  1.4524,  0.5605, -0.9014,  0.3176, -1.9642,  0.3180,  0.0510,-1.3488, -1.0169,  2.4218, -0.2930, -0.3442, -0.4071,  0.8660,  0.4383,-1.0036,  2.8584,  1.0393,  1.3062,  2.8864, -1.5911,  0.6695,  1.0906,
         2.1385,  2.0284, -1.6159,  0.4250,  0.2126, -1.2808, -0.8120, -0.1802,
        -0.4562,  0.5036, -1.2514, -0.6060, -0.1333, -1.6967, -2.6203, -1.0258,
         1.6288, -0.7966,  0.5916,  0.0564,  1.0142, -0.7519, -0.8402,  1.3866,
        -1.6006, -5.1665,  0.0895, -3.1225, -1.3281,  1.7732,  6.5885,  2.6161,
        -0.4684,  0.9781,  0.1341,  0.0686, -0.6384,  1.0732, -0.7640,  0.6365,
        -1.6018,  1.1376,  0.3129,  1.7756, -2.4289, -0.4682, -0.9020, -0.7399,
        -2.1055,  1.5097, -0.2745, -0.8052, -5.8510, -4.4925,  1.1868, -1.7478,
         0.0795, -0.0963, -1.0899, -0.5756, -0.9739,  4.4700,  0.0680,  2.4885,

